version https://git-lfs.github.com/spec/v1
oid sha256:773036348f91c591be821a6b4efbeb63d2c035dcc834a3a089a00780d0101fb8
size 86632209
